user  totalDuration  totalTxs  minDurationPerTx   meanDurationPerTx  maxDurationPerTx
creator 3209375 4 4 1069791.3333333333 2727753
user1 2230195 4 0 743398.0 2230095
user2 4096844 28173 0 145.42251171375835 274722
user3 2222814 16355 0 135.91861318331905 7521
user4 2898693 4 655089 966230.6666666666 1523982
user5 3719483 5 414341 929870.5 2010546
user6 5 2 4 4.0 4
user7 1 1 0 0 0
user8 3617696 7 151687 602949.1666666666 1605866
user9 1 1 0 0 0
user10 3495114 3 10973 1747556.5 3484140
user11 1 1 0 0 0
user12 1 1 0 0 0
user13 2357635 30 0 81297.72413793103 684526
user14 1510342 10 15 167815.66666666666 857274
user15 3155200 5 460 788799.75 1490007
user16 79901 15 0 5707.142857142857 79383
user17 1 1 0 0 0
user18 1 1 0 0 0
user19 2265647 9 8 283205.75 1109136
user20 2812270 4 336212 937423.0 1339776
user21 1 1 0 0 0
user22 1 1 0 0 0
user23 2621055 2 2621054 2621054.0 2621054
user24 2726516 38 0 73689.5945945946 768603
user25 1 1 0 0 0
user26 37 3 7 18.0 29
user27 455 5 0 113.5 280
user28 2565799 4 345 855266.0 2525825
user29 1 1 0 0 0
user30 2357872 8 253 336838.71428571426 967318
user31 2354893 27 0 90572.76923076923 1192484
user32 133953 2 133952 133952.0 133952
user33 1 1 0 0 0
user34 27929 9 2 3491.0 20550
user35 2256 3 4 1127.5 2251
user36 1 1 0 0 0
user37 2157502 4 2 719167.0 2157487
user38 2391839 30 0 82477.1724137931 346778
user39 2090464 21 0 104523.15 1194235
user40 1 1 0 0 0
user41 1838143 2 1838142 1838142.0 1838142
user42 1 1 0 0 0
user43 1991349 28 0 73753.62962962964 1083175
user44 2017832 10 131 224203.44444444444 515897
user45 500560 4 189 166853.0 498028
user46 848022 2 848021 848021.0 848021
user47 50 5 0 12.25 46
user48 1 1 0 0 0
user49 2353960 14 28 181073.76923076922 802532
user50 1 1 0 0 0
user51 1181046 10 21 131227.22222222222 501793
user52 1895168 9 0 236895.875 1658976
user53 1 1 0 0 0
user54 1 1 0 0 0
user55 1 1 0 0 0
user56 1907041 12 0 173367.27272727274 1077398
user57 78189 3 29847 39094.0 48341
user58 7284 16 0 485.53333333333336 6129
user59 2077768 2 2077767 2077767.0 2077767
user60 878449 5 65519 219612.0 520021
user61 9295 2 9294 9294.0 9294
user62 1 1 0 0 0
user63 287289 2 287288 287288.0 287288
user64 29196 2 29195 29195.0 29195
user65 1 1 0 0 0
user66 1 1 0 0 0
user67 1 1 0 0 0
user68 1 1 0 0 0
user69 1 1 0 0 0
user70 1 1 0 0 0
user71 1 1 0 0 0
user72 1746489 5 15845 436622.0 1382475
user73 1787669 2 1787668 1787668.0 1787668
user74 1 1 0 0 0
user75 1 1 0 0 0
user76 1 1 0 0 0
user77 1260097 2 1260096 1260096.0 1260096
user78 1 1 0 0 0
user79 1 1 0 0 0
user80 36685 2 36684 36684.0 36684
user81 1431351 2 1431350 1431350.0 1431350
user82 1 1 0 0 0
user83 1846884 2 1846883 1846883.0 1846883
user84 1599914 4 0 533304.3333333334 1599806
user85 1 1 0 0 0
user86 1 1 0 0 0
user87 1541956 3 23 770977.5 1541932
user88 1116327 2 1116326 1116326.0 1116326
user89 313671 3 0 156835.0 313670
user90 1831159 2 1831158 1831158.0 1831158
user91 1663433 4 458594 554477.3333333334 694075
user92 1315295 10 3 146143.77777777778 849179
user93 1666015 5 25873 416503.5 1189371
user94 1 1 0 0 0
user95 1798059 56 0 32691.963636363635 255549
user96 1948207 2 1948206 1948206.0 1948206
user97 2045360 10 4811 227262.11111111112 1779241
user98 1 1 0 0 0
user99 1241961 2 1241960 1241960.0 1241960
user100 1 1 0 0 0
user101 1 1 0 0 0
user102 1 1 0 0 0
user103 1732282 7 25 288713.5 1677152
user104 701130 7 16 116854.83333333333 700802
user105 1 1 0 0 0
user106 1 1 0 0 0
user107 1871616 6 456 374323.0 1595548
user108 1938449 10 18 215383.11111111112 1370710
user109 1 1 0 0 0
user110 1 1 0 0 0
user111 1 1 0 0 0
user112 1 1 0 0 0
user113 1 1 0 0 0
user114 1388034 3 422044 694016.5 965989
user115 403 6 0 80.4 388
user116 1 1 0 0 0
user117 1 1 0 0 0
user118 117745 2 117744 117744.0 117744
user119 18798 2 18797 18797.0 18797
user120 18798 2 18797 18797.0 18797
user121 18801 2 18800 18800.0 18800
user122 18799 2 18798 18798.0 18798
user123 18801 2 18800 18800.0 18800
user124 1 1 0 0 0
user125 18799 2 18798 18798.0 18798
user126 18801 2 18800 18800.0 18800
user127 18798 2 18797 18797.0 18797
user128 18800 2 18799 18799.0 18799
user129 18797 2 18796 18796.0 18796
user130 18799 2 18798 18798.0 18798
user131 18799 2 18798 18798.0 18798
user132 18800 2 18799 18799.0 18799
user133 18800 2 18799 18799.0 18799
user134 18799 2 18798 18798.0 18798
user135 18800 2 18799 18799.0 18799
user136 18798 2 18797 18797.0 18797
user137 18798 2 18797 18797.0 18797
user138 18799 2 18798 18798.0 18798
user139 18800 2 18799 18799.0 18799
user140 18797 2 18796 18796.0 18796
user141 1 1 0 0 0
user142 1507551 4 19253 502516.6666666667 946864
user143 1 1 0 0 0
user144 1 1 0 0 0
user145 1 1 0 0 0
user146 1 1 0 0 0
user147 1 1 0 0 0
user148 1 1 0 0 0
user149 1 1 0 0 0
user150 1 1 0 0 0
user151 1 1 0 0 0
user152 1 1 0 0 0
user153 1 1 0 0 0
user154 1 1 0 0 0
user155 1 1 0 0 0
user156 852047 3 14 426023.0 852032
user157 1 1 0 0 0
user158 1 1 0 0 0
user159 320549 9 3 40068.5 177764
user160 1 1 0 0 0
user161 1452987 6 0 290597.2 1072360
user162 1 1 0 0 0
user163 1 1 0 0 0
user164 1 1 0 0 0
user165 1 1 0 0 0
user166 134384 57 0 2399.6964285714284 71693
user167 1 1 0 0 0
user168 1231006 6 26741 246201.0 510881
user169 58373 3 185 29186.0 58187
user170 1291737 2 1291736 1291736.0 1291736
user171 2933 2 2932 2932.0 2932
user172 1 1 0 0 0
user173 1 1 0 0 0
user174 1758516 9 0 219814.375 1291738
user175 180974 3 1 90486.5 180972
user176 1 1 0 0 0
user177 1 1 0 0 0
user178 837647 3 244907 418823.0 592739
user179 1473253 16 17 98216.8 490584
user180 1 1 0 0 0
user181 726197 2 726196 726196.0 726196
user182 1 1 0 0 0
user183 505284 2 505283 505283.0 505283
user184 1 1 0 0 0
user185 1 1 0 0 0
user186 65 4 14 21.333333333333332 34
user187 249098 4 31848 83032.33333333333 168402
user188 1402370 30 0 48357.55172413793 1079344
user189 1314386 23 0 59744.77272727273 577543
user190 7 3 1 3.0 5
user191 1 1 0 0 0
user192 1211678 2 1211677 1211677.0 1211677
user193 1214955 16 3 80996.93333333333 852665
user194 1 1 0 0 0
user195 13 2 12 12.0 12
user196 1 1 0 0 0
user197 1 1 0 0 0
user198 1607745 2 1607744 1607744.0 1607744
user199 588674 6 0 117734.6 410863
user200 1 1 0 0 0
user201 1 1 0 0 0
user202 1 1 0 0 0
user203 1339086 6 3597 267817.0 778158
user204 14 3 6 6.5 7
user205 1 1 0 0 0
user206 176925 31 0 5897.466666666666 142910
user207 1267541 19 0 70418.88888888889 723780
user208 1106456 2 1106455 1106455.0 1106455
user209 1465546 3 649 732772.5 1464896
user210 117061 6 0 23412.0 78826
user211 1 1 0 0 0
user212 598595 2 598594 598594.0 598594
user213 28 3 10 13.5 17
user214 1 1 0 0 0
user215 1 1 0 0 0
user216 426880 6 17 85375.8 379281
user217 1 1 0 0 0
user218 1 1 0 0 0
user219 47497 5 28 11874.0 47287
user220 1296983 2 1296982 1296982.0 1296982
user221 8667 5 0 2166.5 4640
user222 1 1 0 0 0
user223 1 1 0 0 0
user224 232161 2 232160 232160.0 232160
user225 1 1 0 0 0
user226 35268 2 35267 35267.0 35267
user227 505467 3 17 252733.0 505449
user228 586560 3 171921 293279.5 414638
user229 1 1 0 0 0
user230 40 3 11 19.5 28
user231 209 4 8 69.33333333333333 185
user232 484443 2 484442 484442.0 484442
user233 1 1 0 0 0
user234 1 1 0 0 0
user235 1 1 0 0 0
user236 1 1 0 0 0
user237 1347759 16 0 89850.53333333334 513454
user238 1 1 0 0 0
user239 1334122 6209 0 214.90351159793815 60174
user240 1007088 3 299464 503543.5 707623
user241 1 1 0 0 0
user242 1 1 0 0 0
user243 1 1 0 0 0
user244 85576 9 2 10696.875 85487
user245 1 1 0 0 0
user246 1 1 0 0 0
user247 1212539 238 0 5116.194092827004 285269
user248 1 2 0 0.0 0
user249 1 1 0 0 0
user250 1 1 0 0 0
user251 10 2 9 9.0 9
user252 937586 3 8058 468792.5 929527
user253 1 1 0 0 0
user254 1 1 0 0 0
user255 1071372 3 7 535685.5 1071364
user256 896144 4 100868 298714.3333333333 467280
user257 1 1 0 0 0
user258 1 1 0 0 0
user259 1 1 0 0 0
user260 1277609 43 0 30419.238095238095 339713
user261 22 2 21 21.0 21
user262 928307 15 0 66307.57142857143 928225
user263 1 1 0 0 0
user264 1 1 0 0 0
user265 1 1 0 0 0
user266 1 1 0 0 0
user267 1141862 2 1141861 1141861.0 1141861
user268 1 1 0 0 0
user269 1 1 0 0 0
user270 1 1 0 0 0
user271 262126 3 10915 131062.5 251210
user272 1 1 0 0 0
user273 1 1 0 0 0
user274 1 1 0 0 0
user275 1161982 11 0 116198.1 446450
user276 1037604 4 25 345867.6666666667 740194
user277 13027 3 2 6513.0 13024
user278 1 1 0 0 0
user279 940625 17 1 58789.0 205164
user280 1 1 0 0 0
user281 1081696 6 5354 216339.0 484566
user282 733027 15 0 52359.0 709521
user283 1 1 0 0 0
user284 12 3 5 5.5 6
user285 1113491 25 0 46395.416666666664 324891
user286 1 1 0 0 0
user287 1 1 0 0 0
user288 1 1 0 0 0
user289 1 1 0 0 0
user290 674423 3 155034 337211.0 519388
user291 1 1 0 0 0
user292 895664 8 0 127951.85714285714 449042
user293 147055 2 147054 147054.0 147054
user294 550425 2 550424 550424.0 550424
user295 1119954 9 0 139994.125 944716
user296 690623 5 1 172655.5 497739
user297 1 1 0 0 0
user298 5 2 4 4.0 4
user299 1 1 0 0 0
user300 1 1 0 0 0
user301 1 1 0 0 0
user302 656 28 1 24.25925925925926 455
user303 1 1 0 0 0
user304 1 1 0 0 0
user305 1 1 0 0 0
user306 11698 3 5221 5848.5 6476
user307 859397 2 859396 859396.0 859396
user308 1 1 0 0 0
user309 448697 3 206360 224348.0 242336
user310 1 1 0 0 0
user311 706060 6 0 141211.8 689786
user312 1 1 0 0 0
user313 1001204 2 1001203 1001203.0 1001203
user314 606887 3 133459 303443.0 473427
user315 1 1 0 0 0
user316 1 1 0 0 0
user317 1 1 0 0 0
user318 891592 22 4 42456.71428571428 170316
user319 1 1 0 0 0
user320 62626 3 105 31312.5 62520
user321 1 1 0 0 0
user322 1 1 0 0 0
user323 1 1 0 0 0
user324 1 1 0 0 0
user325 1 1 0 0 0
user326 1 1 0 0 0
user327 31434 4 8 10477.666666666666 31415
user328 32221 2 32220 32220.0 32220
user329 1 1 0 0 0
user330 1 1 0 0 0
user331 1 1 0 0 0
user332 1 1 0 0 0
user333 765086 16 0 51005.666666666664 570369
user334 368999 2 368998 368998.0 368998
user335 27 2 26 26.0 26
user336 840754 3 324177 420376.5 516576
user337 1 1 0 0 0
user338 168886 6 2 33777.0 150505
user339 1 1 0 0 0
user340 1 1 0 0 0
user341 1 1 0 0 0
user342 44538 2 44537 44537.0 44537
user343 1 1 0 0 0
user344 1 1 0 0 0
user345 1 1 0 0 0
user346 662631 3 132188 331315.0 530442
user347 1 1 0 0 0
user348 1 1 0 0 0
user349 217323 2 217322 217322.0 217322
user350 1 1 0 0 0
user351 1 1 0 0 0
user352 454069 3 22882 227034.0 431186
user353 868189 3478 0 249.69456427955134 22135
user354 1 3 0 0.0 0
user355 1 1 0 0 0
user356 585667 2 585666 585666.0 585666
user357 720127 7 0 120021.0 447271
user358 1 1 0 0 0
user359 598 3 7 298.5 590
user360 227 7 11 37.666666666666664 144
user361 301684 2 301683 301683.0 301683
user362 521163 9 0 65145.25 398662
user363 1 1 0 0 0
user364 745116 4 11469 248371.66666666666 717826
user365 1 1 0 0 0
user366 410 2 409 409.0 409
user367 1 1 0 0 0
user368 1 1 0 0 0
user369 758052 6 32002 151610.2 291789
user370 1 1 0 0 0
user371 713070 3 346486 356534.5 366583
user372 82986 2 82985 82985.0 82985
user373 1 1 0 0 0
user374 729182 5 27 182295.25 312114
user375 1 1 0 0 0
user376 574754 10 0 63861.444444444445 435391
user377 104646 4 4 34881.666666666664 104636
user378 1 1 0 0 0
user379 1 1 0 0 0
user380 1 1 0 0 0
user381 1 1 0 0 0
user382 1 1 0 0 0
user383 101261 2 101260 101260.0 101260
user384 325666 4 7 108555.0 319987
user385 1 1 0 0 0
user386 176161 4 28409 58720.0 107059
user387 79393 8 4 11341.714285714286 59405
user388 1 1 0 0 0
user389 1 1 0 0 0
user390 1 1 0 0 0
user391 1 1 0 0 0
user392 1 1 0 0 0
user393 99913 10 0 11101.333333333334 81064
user394 228307 4 18 76102.0 227691
user395 1 1 0 0 0
user396 1 1 0 0 0
user397 312772 22 0 14893.857142857143 310747
user398 1 1 0 0 0
user399 144387 3 13 72193.0 144373
user400 1 1 0 0 0
user401 1 1 0 0 0
user402 181495 3 38 90747.0 181456
user403 1 1 0 0 0
user404 1 1 0 0 0
user405 77094 2 77093 77093.0 77093
user406 1 1 0 0 0
user407 1 1 0 0 0
user408 159955 2 159954 159954.0 159954
user409 510714 13 0 42559.416666666664 202217
user410 1 1 0 0 0
user411 1 1 0 0 0
user412 1 1 0 0 0
user413 1 1 0 0 0
user414 516245 3 6936 258122.0 509308
user415 124255 3 43819 62127.0 80435
user416 1 1 0 0 0
user417 558787 11 7 55878.6 128960
user418 1 1 0 0 0
user419 1 1 0 0 0
user420 1 1 0 0 0
user421 1 1 0 0 0
user422 421819 2 421818 421818.0 421818
user423 3 3 0 1.0 2
user424 219271 10 2 24363.333333333332 218641
user425 78256 4 5 26085.0 75289
user426 1 1 0 0 0
user427 473076 18 0 27827.941176470587 180534
user428 50309 2 50308 50308.0 50308
user429 87644 4 5399 29214.333333333332 74668
user430 499807 15 27 35700.42857142857 173260
user431 1 1 0 0 0
user432 1 1 0 0 0
user433 1 1 0 0 0
user434 13 2 12 12.0 12
user435 1 1 0 0 0
user436 90826 3 25524 45412.5 65301
user437 1 1 0 0 0
user438 1 1 0 0 0
user439 1 1 0 0 0
user440 1 1 0 0 0
user441 1 1 0 0 0
user442 3088 2 3087 3087.0 3087
user443 499109 5 4 124777.0 385868
user444 1 1 0 0 0
user445 2 2 1 1.0 1
user446 1 1 0 0 0
user447 1 1 0 0 0
user448 1 1 0 0 0
user449 1 1 0 0 0
user450 1 1 0 0 0
user451 85498 2 85497 85497.0 85497
user452 1 1 0 0 0
user453 1 1 0 0 0
user454 1 1 0 0 0
user455 448793 18 0 26399.529411764706 241097
user456 1 1 0 0 0
user457 303498 14 0 23345.923076923078 101172
user458 237892 48 0 5061.510638297872 144683
user459 1 1 0 0 0
user460 1 1 0 0 0
user461 348995 2 348994 348994.0 348994
user462 1 1 0 0 0
user463 6 2 5 5.0 5
user464 39 3 15 19.0 23
user465 488462 2 488461 488461.0 488461
user466 1 1 0 0 0
user467 1 1 0 0 0
user468 23201 2 23200 23200.0 23200
user469 328109 42 0 8002.634146341464 262604
user470 437532 17 9 27345.6875 216067
user471 1 1 0 0 0
user472 14920 2 14919 14919.0 14919
user473 481538 2 481537 481537.0 481537
user474 426432 2 426431 426431.0 426431
user475 327235 8 561 46747.71428571428 203577
user476 1 1 0 0 0
user477 423733 3 208251 211866.0 215481
user478 1 1 0 0 0
user479 15292 3 79 7645.5 15212
user480 1 1 0 0 0
user481 110899 2 110898 110898.0 110898
user482 465818 2 465817 465817.0 465817
user483 1 1 0 0 0
user484 1 1 0 0 0
user485 1 1 0 0 0
user486 84785 2 84784 84784.0 84784
user487 466075 5 31286 116518.5 247446
user488 1 2 0 0.0 0
user489 1 1 0 0 0
user490 6824 2 6823 6823.0 6823
user491 443252 3 202123 221625.5 241128
user492 240 3 110 119.5 129
user493 5893 3 895 2946.0 4997
user494 441858 16 33 29457.133333333335 216797
user495 1 1 0 0 0
user496 1 1 0 0 0
user497 1 1 0 0 0
user498 1 1 0 0 0
user499 449414 16 0 29960.866666666665 227320
user500 1 1 0 0 0
user501 1 1 0 0 0
user502 1 1 0 0 0
user503 1 1 0 0 0
user504 40556 3 12 20277.5 40543
user505 106455 2 106454 106454.0 106454
user506 1 1 0 0 0
user507 1 1 0 0 0
user508 20866 3 191 10432.5 20674
user509 13 2 12 12.0 12
user510 3831 2 3830 3830.0 3830
user511 1 2 0 0.0 0
user512 1 1 0 0 0
user513 1 1 0 0 0
user514 1 1 0 0 0
user515 1 1 0 0 0
user516 1 1 0 0 0
user517 9 2 8 8.0 8
user518 32227 2 32226 32226.0 32226
user519 4 3 1 1.5 2
user520 325315 7 0 54219.0 201937
user521 12 3 2 5.5 9
user522 312638 3 17 156318.5 312620
user523 358072 10 2362 39785.666666666664 136867
user524 319135 3 1 159567.0 319133
user525 17 2 16 16.0 16
user526 1 1 0 0 0
user527 1 1 0 0 0
user528 1 1 0 0 0
user529 1 1 0 0 0
user530 119716 2 119715 119715.0 119715
user531 1 1 0 0 0
user532 1 1 0 0 0
user533 116 2 115 115.0 115
user534 1 1 0 0 0
user535 38931 2 38930 38930.0 38930
user536 1 1 0 0 0
user537 1 1 0 0 0
user538 322891 4 35885 107630.0 208096
user539 1 1 0 0 0
user540 2 2 1 1.0 1
user541 1 1 0 0 0
user542 1 1 0 0 0
user543 1 1 0 0 0
user544 1 1 0 0 0
user545 79932 2 79931 79931.0 79931
user546 1 1 0 0 0
user547 1 1 0 0 0
user548 1 1 0 0 0
user549 1 1 0 0 0
user550 118203 6 0 23640.4 118202
user551 53 23 0 2.3636363636363638 10
user552 1 1 0 0 0
user553 1 1 0 0 0
user554 1 1 0 0 0
user555 259659 6 0 51931.6 137210
user556 188748 2 188747 188747.0 188747
user557 66491 6 0 13298.0 66462
user558 307205 5 5822 76801.0 202005
user559 268372 2 268371 268371.0 268371
user560 1 1 0 0 0
user561 325971 17 1 20373.125 110417
user562 14341 2 14340 14340.0 14340
user563 1 1 0 0 0
user564 1 1 0 0 0
user565 1 1 0 0 0
user566 1 1 0 0 0
user567 1 1 0 0 0
user568 11929 2 11928 11928.0 11928
user569 1 1 0 0 0
user570 254207 29 0 9078.785714285714 80165
user571 1 1 0 0 0
user572 7304 2 7303 7303.0 7303
user573 1 3 0 0.0 0
user574 1 1 0 0 0
user575 63 14 0 4.769230769230769 41
user576 208522 6 1 41704.2 208264
user577 1 1 0 0 0
user578 1 1 0 0 0
user579 49966 2 49965 49965.0 49965
user580 1 1 0 0 0
user581 1 1 0 0 0
user582 171835 2 171834 171834.0 171834
user583 252844 4 3 84281.0 219957
user584 1 1 0 0 0
user585 95355 3 44595 47677.0 50759
user586 89018 5 6 22254.25 63939
user587 304508 6 0 60901.4 162917
user588 1 1 0 0 0
user589 1 1 0 0 0
user590 1 1 0 0 0
user591 1 1 0 0 0
user592 2 2 1 1.0 1
user593 44 2 43 43.0 43
user594 271803 2 271802 271802.0 271802
user595 1 1 0 0 0
user596 1 1 0 0 0
user597 92712 3 39393 46355.5 53318
user598 47408 2 47407 47407.0 47407
user599 288048 3 73923 144023.5 214124
user600 10 2 9 9.0 9
user601 1 1 0 0 0
user602 190 3 71 94.5 118
user603 445 18 3 26.11764705882353 141
user604 1 1 0 0 0
user605 88540 2 88539 88539.0 88539
user606 2534 5 0 633.25 2527
user607 1 1 0 0 0
user608 14809 10 0 1645.3333333333333 12667
user609 1 1 0 0 0
user610 1 1 0 0 0
user611 25449 3 38 12724.0 25410
user612 79938 2 79937 79937.0 79937
user613 7797 2 7796 7796.0 7796
user614 1 1 0 0 0
user615 5344 3 97 2671.5 5246
user616 1 1 0 0 0
user617 5898 2 5897 5897.0 5897
user618 1 1 0 0 0
user619 1 1 0 0 0
user620 1 1 0 0 0
user621 63838 4 6 21279.0 55039
user622 1 1 0 0 0
user623 1 1 0 0 0
user624 1 1 0 0 0
user625 1 1 0 0 0
user626 1 1 0 0 0
user627 150895 2 150894 150894.0 150894
user628 98261 3 38749 49130.0 59511
user629 1 1 0 0 0
user630 1 1 0 0 0
user631 1 1 0 0 0
user632 161387 5 26824 40346.5 69692
user633 5 8 0 0.5714285714285714 3
user634 1 1 0 0 0
user635 1 1 0 0 0
user636 1 1 0 0 0
user637 1 1 0 0 0
user638 9080 2 9079 9079.0 9079
user639 1 1 0 0 0
user640 66629 2 66628 66628.0 66628
user641 1 1 0 0 0
user642 312 18 0 18.294117647058822 108
user643 160816 4 34039 53605.0 91779
user644 1 1 0 0 0
user645 8 3 0 3.5 7
user646 1 1 0 0 0
user647 18 3 7 8.5 10
user648 1 1 0 0 0
user649 64770 2 64769 64769.0 64769
user650 1 1 0 0 0
user651 8 2 7 7.0 7
user652 1 1 0 0 0
user653 78931 7 0 13155.0 19928
user654 120082 2 120081 120081.0 120081
user655 1 1 0 0 0
user656 110455 4 6 36818.0 78720
user657 28 2 27 27.0 27
user658 156 2 155 155.0 155
user659 1 1 0 0 0
user660 97568 6 542 19513.4 42727
user661 1 1 0 0 0
user662 156193 31 0 5206.4 52339
user663 38438 2 38437 38437.0 38437
user664 101825 2 101824 101824.0 101824
user665 94552 2 94551 94551.0 94551
user666 1 1 0 0 0
user667 1 1 0 0 0
user668 1 1 0 0 0
user669 26111 2 26110 26110.0 26110
user670 1 1 0 0 0
user671 1 1 0 0 0
user672 1 1 0 0 0
user673 1 1 0 0 0
user674 1 1 0 0 0
user675 1 1 0 0 0
user676 84893 5 22 21223.0 75596
user677 1 1 0 0 0
user678 1 1 0 0 0
user679 51716 4 1 17238.333333333332 51604
user680 1 1 0 0 0
user681 1 1 0 0 0
user682 1 1 0 0 0
user683 1 1 0 0 0
user684 47365 10 0 5262.666666666667 25656
user685 1 1 0 0 0
user686 29 4 4 9.333333333333334 15
user687 1 1 0 0 0
user688 1 1 0 0 0
user689 1 1 0 0 0
user690 1 1 0 0 0
user691 1 1 0 0 0
user692 1 1 0 0 0
user693 1 1 0 0 0
user694 1 1 0 0 0
user695 1 1 0 0 0
user696 1 1 0 0 0
user697 1 1 0 0 0
user698 1 1 0 0 0
user699 3 2 2 2.0 2
user700 9666 6 3 1933.0 3915
user701 1 1 0 0 0
user702 49311 2 49310 49310.0 49310
user703 19686 2 19685 19685.0 19685
user704 1 1 0 0 0
user705 1 1 0 0 0
user706 48 3 10 23.5 37
user707 727 2 726 726.0 726
user708 1 1 0 0 0
user709 23324 3 5 11661.5 23318
user710 1 1 0 0 0
user711 1 1 0 0 0
user712 1 1 0 0 0
user713 1 1 0 0 0
user714 1 1 0 0 0
user715 1 1 0 0 0
user716 1 1 0 0 0
user717 15470 7 2 2578.1666666666665 15350
user718 1 1 0 0 0
user719 1 1 0 0 0
user720 1 1 0 0 0
user721 1 1 0 0 0
user722 1 1 0 0 0
user723 13878 2 13877 13877.0 13877
user724 1 1 0 0 0
user725 19131 3 4 9565.0 19126
user726 1 1 0 0 0
user727 1 1 0 0 0
user728 1 1 0 0 0
user729 1 1 0 0 0
user730 11362 3 2 5680.5 11359
user731 1 1 0 0 0
user732 1 1 0 0 0
user733 1 1 0 0 0
user734 284 2 283 283.0 283
user735 1 1 0 0 0
user736 1 1 0 0 0
user737 1 1 0 0 0
user738 1 1 0 0 0
user739 1 1 0 0 0
user740 2317 12 0 210.54545454545453 2096
user741 1 1 0 0 0
user742 1 1 0 0 0
user743 31 3 7 15.0 23
user744 1 1 0 0 0
user745 1 1 0 0 0
user746 1 1 0 0 0
user747 1 1 0 0 0
user748 1 1 0 0 0
